,loc,numFclt,total_cnts,normalized_entropy,total_adult_patients_hospitalized_confirmed_covid_7_day_sum,total_beds_7_day_avg,inpatient_beds_used_7_day_sum,inpatient_beds_7_day_sum,total_icu_beds_7_day_sum,previous_day_total_ED_visits_7_day_sum
0,AK_ANCHORAGE,2,28961.0,0.976878,"(0.8726726726726727, 0.12732732732732732)","(0.6110289303295584, 0.3889710696704416)","(0.6103857171407634, 0.38961428285923655)","(0.514649391976361, 0.48535060802363905)","(0.8231912192936609, 0.17680878070633912)","(0.6381243202543294, 0.36187567974567053)"
1,AL_BIRMINGHAM,6,159410.0,0.92016,"(0.14718006370620199, 0.39619636499906313, 0.15369121229154956, 0.11832490163012929, 0.12610080569608395, 0.05850665167697208)","(0.1052711474132586, 0.4028959213122909, 0.14705113128213193, 0.09245769237100128, 0.1429342190211954, 0.1093898886001218)","(0.1095873265627235, 0.4453583178372193, 0.12569017307967387, 0.08650050064368474, 0.13738735517093406, 0.09547632670576456)","(0.10497708652368201, 0.408170714666621, 0.1406548092634893, 0.09144002714826317, 0.14788388984421116, 0.10687347255373332)","(0.08600644756611672, 0.45262789374644435, 0.112540661969571, 0.09026592563418086, 0.1335900689977098, 0.12496900208597728)","(-0.012218805456000556, -0.03446318591461081, 1.0774057030516024, -0.00891101812867532, -0.012097019729287728, -0.00971567382302794)"
2,AL_DOTHAN,2,49416.0,0.954944,"(0.6027901077996195, 0.39720989220038044)","(0.6151565875234951, 0.3848434124765048)","(0.6458023207848342, 0.3541976792151658)","(0.6173177333708048, 0.3826822666291952)","(0.5985030227425391, 0.4014969772574609)","(0.5576866702960761, 0.44231332970392395)"
3,AL_HUNTSVILLE,2,82352.0,0.576611,"(0.920794507111329, 0.07920549288867092)","(0.8595812020345117, 0.14041879796548826)","(0.8941288004056706, 0.10587119959432943)","(0.8647986942328618, 0.13520130576713818)","(0.8996116784121961, 0.10038832158780382)","(0.8346591115469834, 0.1653408884530166)"
4,AL_MOBILE,4,83952.0,0.923479,"(0.09845707953286165, 0.23706418890120196, 0.488193674878527, 0.17628505668740943)","(0.15634189374632426, 0.2189944930584021, 0.39557306054071395, 0.22909055265455974)","(0.18589516870623188, 0.19441890075687912, 0.41094291575298864, 0.2087430147839004)","(0.15555776228339588, 0.22155153458218366, 0.3958775171474575, 0.22701318598696296)","(0.22705990249553507, 0.24327846695950187, 0.3689723415552445, 0.1606892889897186)","(0.12753889611263058, 0.2941308344168946, 0.32818454916378964, 0.2501457203066852)"
5,AL_MONTGOMERY,3,56079.0,0.990217,"(0.38814814814814813, 0.35617283950617284, 0.255679012345679)","(0.4928991156955417, 0.269160888214257, 0.23793999609020136)","(0.5159252861153099, 0.29926041891600086, 0.18481429496868926)","(0.47973138331718107, 0.2757726155864243, 0.24449600109639463)","(0.569963749352667, 0.17400310719834283, 0.25603314344899014)","(0.36667297757823275, 0.32431774538176505, 0.30900927704000214)"
6,AR_CONWAY,2,20476.0,0.943194,"(0.6293393057110862, 0.3706606942889138)","(0.7613720935477323, 0.2386279064522676)","(0.6670088277561076, 0.3329911722438924)","(0.700760079312624, 0.2992399206873761)","(0.7388769561215097, 0.26112304387849034)","(0.5284007081735025, 0.4715992918264975)"
7,AR_FORT SMITH,2,46226.0,0.991862,"(0.557429718875502, 0.442570281124498)","(0.26727918279818424, 0.7327208172018157)","(0.4193525850023288, 0.5806474149976711)","(0.23289190642645874, 0.7671080935735413)","(0.3787738039944264, 0.6212261960055736)","(0.5219041422684884, 0.4780958577315116)"
8,AR_JONESBORO,2,56520.0,0.96943,"(0.6199160325373918, 0.38008396746260825)","(0.6381607593834364, 0.36183924061656364)","(0.6725920183113671, 0.32740798168863294)","(0.5724356976416285, 0.42756430235837156)","(0.6259366570086922, 0.37406334299130783)","(0.5587006000413821, 0.44129939995861783)"
9,AR_LITTLE ROCK,3,89700.0,0.942739,"(0.26288659793814434, 0.25173574584472963, 0.48537765621712603)","(0.2173234174945929, 0.40036162740040787, 0.38231495510499913)","(0.18711552548460528, 0.3807843477028017, 0.432100126812593)","(0.1898838818824977, 0.4104954885676202, 0.3996206295498821)","(0.21362909130352253, 0.37641348265856767, 0.4099574260379098)","(0.19349119918956567, 0.400937064708117, 0.40557173610231734)"
10,AZ_GLENDALE,2,58564.0,0.907921,"(0.830068819481207, 0.16993118051879302)","(0.762879026335117, 0.237120973664883)","(0.6953264222890758, 0.3046735777109242)","(0.6915342241901901, 0.30846577580981)","(0.677387207827505, 0.322612792172495)","(0.9100030404378231, 0.08999695956217696)"
11,AZ_MESA,3,111252.0,0.898418,"(0.5372681281618887, 0.3886453063518831, 0.07408656548622822)","(0.6414031769232423, 0.31259806977194077, 0.045998753304816974)","(0.6595296916460792, 0.31618629334797327, 0.024284015005947478)","(0.6231027063421203, 0.35466401252909063, 0.022233281128789098)","(0.5973659454374413, 0.21115197126485932, 0.19148208329769947)","(0.6400868755817561, 0.3396680111697177, 0.02024511324852622)"
12,AZ_PHOENIX,9,273373.0,0.948564,"(0.2750123823675087, 0.09047383192999835, 0.10805679379230643, 0.16196136701337296, 0.0475482912332838, 0.017376589070496946, 0.07544989268614825, 0.07462440151890375, 0.14949645038798084)","(0.23283710779096553, 0.0, 0.22466218491923423, 0.14402036994624598, 0.06466649601896884, 0.0390154525981112, 0.0, 0.1359074191331995, 0.15889096959327467)","(0.24014579314174253, 0.0, 0.2671758985712557, 0.2014479650893766, 0.04879941341040627, 0.01980451759412841, 0.0, 0.10701700682693471, 0.11560940536615577)","(0.2070255706369783, 0.0, 0.263830003558538, 0.15988511006049513, 0.0536830867774897, 0.028976666158304104, 0.0, 0.1474861471201261, 0.13911341568806873)","(0.285481368501328, 0.0034712178189181373, 0.11544428958371683, 0.2742262076945328, 0.049964498908670156, 0.018407973282141638, 0.003366029400163042, 0.1503668446104084, 0.09927157020012096)","(0.1609857343311506, 0.09750643124415341, 0.11282448550046772, 0.19520287652011226, 0.0, 0.0, 0.16408442469597756, 0.0856232460243218, 0.18377280168381666)"
13,AZ_SCOTTSDALE,3,56554.0,0.951231,"(0.5327645670720639, 0.34670539117807225, 0.12053004174986386)","(0.3701909375890567, 0.4901681390709604, 0.1396409233399829)","(0.35407575493105253, 0.4941525571652994, 0.15177168790364812)","(0.36580882352941174, 0.4963235294117647, 0.13786764705882354)","(0.5185567010309279, 0.411340206185567, 0.07010309278350516)","(0.4227116362548609, 0.3741026024528866, 0.20318576129225246)"
14,AZ_TUCSON,5,117562.0,0.947242,"(0.23979523103866363, 0.13013606358615115, 0.07490233059409943, 0.40643944496834167, 0.14872692981274419)","(0.07586142020104285, 0.16942831801322367, 0.33024243401601894, 0.34146710208030967, 0.08300072568940493)","(0.07534530479081149, 0.18118974715533032, 0.2193905520865368, 0.43483667384241, 0.08923772212491142)","(0.05908555629512058, 0.2199836157902821, 0.24560954380216066, 0.3979400269656785, 0.07738125714675814)","(0.1324770298143634, 0.14625914119632477, 0.16088505531595726, 0.48992124507781737, 0.07045752859553722)","(0.5339137552554228, 0.0, 0.0, 0.43751162704170854, 0.028574617702868624)"
15,CA_ANAHEIM,2,63362.0,0.842407,"(0.38130081300813007, 0.6186991869918699)","(0.2710915335224727, 0.7289084664775273)","(0.27304112370959555, 0.7269588762904045)","(0.34005415337008027, 0.6599458466299197)","(0.17868836194066873, 0.8213116380593313)","(0.23193656160689127, 0.7680634383931088)"
16,CA_ANTIOCH,2,23557.0,0.99034,"(0.4951974386339381, 0.5048025613660619)","(0.34374884716124987, 0.6562511528387502)","(0.47320710578258646, 0.5267928942174136)","(0.5665987998285469, 0.43340120017145306)","(0.4776959722823733, 0.5223040277176266)","(0.4330382862829309, 0.566961713717069)"
17,CA_BAKERSFIELD,4,98770.0,0.933559,"(0.23298617346022626, 0.29978452145807144, 0.0867301131262345, 0.3804991919554678)","(0.2459949261234173, 0.17685748514246785, 0.23994620751215615, 0.3372013812219586)","(0.3141673001049698, 0.22816447677996163, 0.1608933289897564, 0.2967748941253122)","(0.2900498263626755, 0.2322059489657255, 0.14025366148271176, 0.3374905631888872)","(0.3570568763165814, 0.20470959975925368, 0.11442973216972616, 0.32380379175443874)","(0.288727777563534, 0.276310207859319, 0.21123365855539702, 0.22372835602175004)"
18,CA_DOWNEY,3,60917.0,0.880443,"(0.6257445400397088, 0.30195234943745863, 0.07230311052283256)","(0.5867563821632377, 0.2436565517348179, 0.16958706610194424)","(0.47078771158433197, 0.25870046268356467, 0.27051182573210336)","(0.5219386140702458, 0.2697500263685265, 0.20831135956122773)","(0.6996201519392243, 0.22550979608156738, 0.07487005197920832)","(0.6175113450024787, 0.37806505739236546, 0.004423597605155779)"
19,CA_FOUNTAIN VALLEY,2,44375.0,0.968473,"(0.6667722521381058, 0.3332277478618942)","(0.631239226201877, 0.36876077379812294)","(0.6464799873437748, 0.3535200126562253)","(0.6356043297501779, 0.3643956702498221)","(0.5437616387337058, 0.45623836126629425)","(0.5450203769740194, 0.45497962302598066)"
20,CA_FREMONT,2,24349.0,0.974651,"(0.7227722772277227, 0.27722772277227725)","(0.749930407348984, 0.250069592651016)","(0.5363550519357885, 0.4636449480642115)","(0.5636675971655573, 0.4363324028344428)","(0.7679482817284791, 0.23205171827152093)","(0.5270969192714189, 0.47290308072858106)"
21,CA_FRESNO,3,152349.0,0.88513,"(0.5, 0.35230479774223894, 0.14769520225776106)","(0.5855606103686855, 0.30525542602596906, 0.10918396360534545)","(0.5392083212944235, 0.347298468650679, 0.11349321005489743)","(0.5879574970484062, 0.29771743408107043, 0.11432506887052342)","(0.7079877782627674, 0.18616324749017896, 0.10584897424705368)","(0.4604895855701095, 0.3720206141292678, 0.16748980030062272)"
22,CA_GARDENA,2,17644.0,0.99548,"(0.6692056583242655, 0.3307943416757345)","(0.739351136614434, 0.26064886338556614)","(0.6332710571384088, 0.36672894286159113)","(0.6307383746842965, 0.36926162531570345)","(0.5749414519906323, 0.42505854800936765)","(1.0, 0.0)"
23,CA_GLENDALE,3,60808.0,0.873154,"(0.21783363255535607, 0.13205665270297226, 0.6501097147416717)","(0.3243356202192256, 0.18410220014194464, 0.49156217963882975)","(0.27828648081185114, 0.1813834130409425, 0.5403301061472063)","(0.20775775004707372, 0.20308461288279497, 0.5891576370701312)","(0.23966761425759894, 0.11250820030614476, 0.6478241854362563)","(0.3063230113109586, 0.23771555720378268, 0.4559614314852587)"
24,CA_LA JOLLA,2,35158.0,0.808948,"(0.7799079754601227, 0.2200920245398773)","(0.7373411320500287, 0.26265886794997134)","(0.7314093706820751, 0.2685906293179249)","(0.7305085622639557, 0.2694914377360443)","(0.7231963927855711, 0.27680360721442887)","(0.9767554479418886, 0.02324455205811138)"
25,CA_LONG BEACH,2,50923.0,0.878112,"(0.32924492142583367, 0.6707550785741664)","(0.39435987649888704, 0.605640123501113)","(0.4036947848901988, 0.5963052151098013)","(0.46754281937126974, 0.5324571806287303)","(0.38552905077699695, 0.614470949223003)","(0.33929694198342386, 0.6607030580165761)"
26,CA_LOS ANGELES,12,308955.0,0.961667,"(0.04164315085060066, 0.08679351769733129, 0.08888978472950093, 0.08401193259695235, 0.052487301459324356, 0.18386680641780215, 0.08973635410787713, 0.05587357897282916, 0.15415625251955173, 0.06288801096508909, 0.02499395307586874, 0.07465935660727244)","(0.05335444178271866, 0.07462248350137794, 0.11514002976091178, 0.0644096863093133, 0.105956519708263, 0.10807514963866517, 0.07508291016341812, 0.07311775578702932, 0.1531118836788758, 0.035953316740179236, 0.10732612220657811, 0.03384970072266968)","(0.054436443373022406, 0.0639858382518425, 0.08890677886946195, 0.05303094324181274, 0.13470117554963507, 0.1392512598351651, 0.07563458775702639, 0.031797216576005975, 0.20885020304139554, 0.039429616022701494, 0.06554256308071396, 0.04443337440121691)","(0.0624418851783959, 0.0733973592625063, 0.10653609096463962, 0.070255838048936, 0.10717701442575915, 0.13461385191679287, 0.07570866873887516, 0.058596344411678755, 0.17577907069418985, 0.0387210754230759, 0.058397093594750406, 0.0383757073404001)","(0.03370468980083592, 0.06398833871279618, 0.144055569603308, 0.0524460442355461, 0.17613898350463328, 0.13455102556856213, 0.08876857402091297, 0.0483556692597165, 0.13525010783715846, 0.02684773393226339, 0.07358212729246925, 0.02231113623179783)","(-0.006605293133520806, 1.1052642117253408, -0.008654291104545617, -0.01141409781796177, -0.007622005481792617, -0.021830393692378883, -0.009033611575837397, -0.010089257110312177, -0.011136003630797708, -0.0025050724379738726, -0.0, -0.016374185740219982)"
27,CA_MANTECA,2,36291.0,0.66865,"(0.15938303341902313, 0.8406169665809768)","(0.26280359348136667, 0.7371964065186334)","(0.1988518790467926, 0.8011481209532074)","(0.28334597464514033, 0.7166540253548597)","(0.15117177440123616, 0.8488282255987638)","(0.19813250333481547, 0.8018674966651845)"
28,CA_MODESTO,2,79776.0,0.995568,"(0.4979807826208049, 0.5020192173791951)","(0.5801522402683047, 0.4198477597316954)","(0.5796375483608226, 0.42036245163917735)","(0.5385557118041194, 0.46144428819588057)","(0.5232214765100671, 0.4767785234899329)","(0.5210936028627032, 0.47890639713729677)"
29,CA_MONTEREY PARK,2,19028.0,0.978931,"(0.3495426095329803, 0.6504573904670198)","(0.3870887433452066, 0.6129112566547933)","(0.2898317735545731, 0.7101682264454269)","(0.2936725110638154, 0.7063274889361846)","(0.13531758208039277, 0.8646824179196072)","(0.47525797373358347, 0.5247420262664165)"
30,CA_MORENO VALLEY,2,52767.0,0.822008,"(0.6955445544554455, 0.30445544554455445)","(0.6979684050772628, 0.30203159492273735)","(0.8072093796773657, 0.1927906203226343)","(0.7490250601919359, 0.250974939808064)","(0.7562758956860833, 0.24372410431391664)","(0.6743672881203279, 0.3256327118796722)"
31,CA_MURRIETA,2,46523.0,0.986634,"(0.5832847990681421, 0.4167152009318579)","(0.6128933699969447, 0.3871066300030553)","(0.6526027397260274, 0.3473972602739726)","(0.6510575942915392, 0.34894240570846075)","(0.6183561643835617, 0.38164383561643833)","(0.8955942402750914, 0.10440575972490866)"
32,CA_OAKLAND,3,49441.0,0.92424,"(0.16361256544502617, 0.3962228870605834, 0.44016454749439043)","(0.24545145960624576, 0.3285386965376782, 0.42600984385607604)","(0.29839799821680235, 0.3384911846760045, 0.3631108171071932)","(0.2796278818929486, 0.22381016583524335, 0.496561952271808)","(0.26050850932950587, 0.3341193356571663, 0.40537215501332785)","(0.2124491939535096, 0.29456089875325386, 0.4929899072932365)"
33,CA_ORANGE,2,68186.0,0.99733,"(0.6503035101609923, 0.34969648983900764)","(0.4485174463420066, 0.5514825536579935)","(0.40541427399507796, 0.5945857260049221)","(0.3959890773982721, 0.604010922601728)","(0.2683258798366712, 0.7316741201633288)","(0.6968531966396126, 0.3031468033603873)"
34,CA_PANORAMA CITY,2,31854.0,0.943036,"(0.6231884057971014, 0.37681159420289856)","(0.5710484438995121, 0.4289515561004878)","(0.4727979274611399, 0.5272020725388601)","(0.4963529284633672, 0.5036470715366328)","(0.7098577235772358, 0.29014227642276424)","(0.7887048192771084, 0.21129518072289158)"
35,CA_RIVERSIDE,3,75849.0,0.912259,"(0.4251655629139073, 0.23090507726269316, 0.34392935982339956)","(0.4916007376917731, 0.1691078206019137, 0.3392914417063131)","(0.6437848980327016, 0.13765084956071008, 0.21856425240658836)","(0.5830048675500832, 0.16956342205037728, 0.2474317103995395)","(0.615531424810793, 0.13708456729187232, 0.24738400789733464)","(0.5834960334132417, 0.21325655537157404, 0.20324741121518425)"
36,CA_ROSEVILLE,2,69941.0,0.988982,"(0.5190546528803545, 0.4809453471196455)","(0.47722300992505573, 0.5227769900749443)","(0.49934452300616794, 0.5006554769938321)","(0.5343781310849387, 0.46562186891506135)","(0.45905637369852736, 0.5409436263014726)","(0.4102427880784147, 0.5897572119215853)"
37,CA_SACRAMENTO,6,144058.0,0.954479,"(0.08680445151033386, 0.20922098569157394, 0.1395866454689984, 0.09803921568627451, 0.20476947535771065, 0.26157922628510866)","(0.11307609238379451, 0.21901090351722616, 0.10414658786098306, 0.09551318524367446, 0.3687687966650798, 0.0994844343292421)","(0.12343968714374359, 0.24027014156456988, 0.10102890457018342, 0.06202288699366495, 0.346623951974833, 0.1266144277530052)","(0.1233847637415622, 0.2617526518804243, 0.09871022179363549, 0.08837994214079074, 0.3094744455159113, 0.11829797492767599)","(0.07008973610152391, 0.26193383953698296, 0.0962671905697446, 0.08033770509212552, 0.38411299315032127, 0.10725853554930176)","(0.09765733940689783, 0.22245979362275728, 0.22803755693966718, 0.11329831737473273, 0.06572464441758855, 0.27282234823835644)"
38,CA_SALINAS,2,23948.0,0.99857,"(0.46419098143236076, 0.5358090185676393)","(0.36632942256843837, 0.6336705774315616)","(0.502053588891062, 0.497946411108938)","(0.39225428174664406, 0.607745718253356)","(0.36537425955842756, 0.6346257404415724)","(0.4739240506329114, 0.5260759493670886)"
39,CA_SAN BERNARDINO,2,45271.0,0.909804,"(0.2866874270144025, 0.7133125729855975)","(0.4639273987595767, 0.5360726012404231)","(0.3758315924795115, 0.6241684075204885)","(0.4573442910183138, 0.5426557089816862)","(0.28376686604534707, 0.7162331339546529)","(0.4641734758013828, 0.5358265241986172)"
40,CA_SAN DIEGO,5,151601.0,0.90923,"(0.17714103110353643, 0.3211546655304644, 0.3095440988495952, 0.15264167021729869, 0.03951853429910524)","(0.31301893995262836, 0.24356232485098775, 0.22702999331939366, 0.17844593480769394, 0.0379428070692961)","(0.3409322713506022, 0.24748713397021155, 0.2743169909451179, 0.08245159180622708, 0.054812011927841235)","(0.2705242334322453, 0.26184420355679366, 0.2542390843577787, 0.16143846262540626, 0.05195401602777609)","(0.4067425411984346, 0.17624672387175527, 0.2760923419380318, 0.09715290991993682, 0.04376548307184145)","(0.22374946861272496, 0.3179679750602239, 0.23531245571772708, 0.14802323933682868, 0.07494686127249539)"
41,CA_SAN FRANCISCO,5,71888.0,0.964609,"(0.1218612818261633, 0.0916593503072871, 0.13643546971027218, 0.3390693590869184, 0.31097453906935907)","(0.15591593064325224, 0.05794976021276696, 0.13116385225145355, 0.18045580794386573, 0.47451464894866147)","(0.16391446617456815, 0.04506071510104689, 0.1375737876004218, 0.13477991455314337, 0.5186711165708198)","(0.18289897841226282, 0.06695299944550435, 0.13314474215952557, 0.13124629944644417, 0.4857569805362631)","(0.1657697754400162, 0.02937487355856767, 0.11741857171758041, 0.18078090228606108, 0.5066558769977746)","(0.1653762098033094, 0.10736809241336247, 0.1733062753668436, 0.29506712457071493, 0.2588822978457696)"
42,CA_SAN JOSE,4,84247.0,0.982397,"(0.3552944118014752, 0.3479184898112264, 0.10713839229903738, 0.18964870608826104)","(0.396963493688161, 0.1752376737023615, 0.318012485361513, 0.10978634724796443)","(0.4238196926790771, 0.19620723271900098, 0.2635555452393111, 0.11641752936261084)","(0.427278529578394, 0.170506945490272, 0.31973637973939173, 0.08247814519194223)","(0.5099195338512763, 0.14400665926748057, 0.29057991120976695, 0.05549389567147614)","(0.4073615264132137, 0.24297308842375054, 0.1800797380037021, 0.1695856471593336)"
43,CA_SANTA MONICA,2,25658.0,0.998973,"(0.5488676996424314, 0.4511323003575685)","(0.6035009642486278, 0.39649903575137224)","(0.6479254805908112, 0.35207451940918877)","(0.6397521027003099, 0.36024789729969015)","(0.5538605961042009, 0.4461394038957991)","(0.5983932273669661, 0.40160677263303385)"
44,CA_SANTA ROSA,3,29634.0,0.945584,"(0.4794400699912511, 0.18328958880139984, 0.33727034120734906)","(0.5287291333908151, 0.1653073628563755, 0.3059635037528093)","(0.5344993100137997, 0.1995260094798104, 0.2659746805063899)","(0.5232122540722036, 0.19943391514276992, 0.2773538307850265)","(0.42332667332667334, 0.32817182817182816, 0.2485014985014985)","(0.30052679382379655, 0.27905540417802, 0.42041780199818346)"
45,CA_STOCKTON,2,42899.0,0.638429,"(0.8313530767866643, 0.1686469232133357)","(0.7135394115100059, 0.28646058848999423)","(0.8569721455600763, 0.14302785443992375)","(0.7983098471625016, 0.20169015283749842)","(0.8099472494348153, 0.1900527505651846)","(0.6951854366734569, 0.30481456332654316)"
46,CA_TORRANCE,3,86427.0,0.997335,"(0.31087105624142664, 0.33607681755829905, 0.3530521262002744)","(0.4811818903891978, 0.25201588562351074, 0.26680222398729153)","(0.40322609488724764, 0.2778840823333751, 0.31888982277937733)","(0.5138016415241414, 0.21254986473474255, 0.27364849374111605)","(0.4588659455916093, 0.21492953130121273, 0.32620452310717796)","(0.3676163158150615, 0.25655112061840635, 0.37583256356653216)"
47,CA_VALLEJO,2,22885.0,0.82608,"(0.6191145467322557, 0.3808854532677442)","(0.6782487662912817, 0.3217512337087182)","(0.6980064841001586, 0.30199351589984136)","(0.6140322838420968, 0.38596771615790315)","(0.6109544905356423, 0.3890455094643576)","(0.6632623910869876, 0.3367376089130124)"
48,CA_VENTURA,2,24776.0,0.9421,"(0.34145299145299146, 0.6585470085470085)","(0.41446644168125457, 0.5855335583187453)","(0.33630109267503033, 0.6636989073249696)","(0.3539540816326531, 0.6460459183673469)","(0.41670633031889576, 0.5832936696811042)","(0.3940002362111728, 0.6059997637888273)"
49,CA_WALNUT CREEK,2,29373.0,0.999992,"(0.38155136268343814, 0.6184486373165619)","(0.3392851138235986, 0.6607148861764013)","(0.3504145091621281, 0.6495854908378719)","(0.3098877831886513, 0.6901122168113487)","(0.3066392881587953, 0.6933607118412046)","(0.5274459544421338, 0.47255404555786623)"
50,CO_AURORA,2,54788.0,0.940259,"(0.7121409921671018, 0.2878590078328982)","(0.6143514760858103, 0.38564852391418974)","(0.6841120851884152, 0.3158879148115849)","(0.6111842403885435, 0.3888157596114566)","(0.7456546423268408, 0.25434535767315924)","(0.53064882826163, 0.46935117173837004)"
51,CO_COLORADO SPRINGS,2,72446.0,0.997266,"(0.5790389972144847, 0.42096100278551535)","(0.5766280973607314, 0.4233719026392686)","(0.6779801629733417, 0.3220198370266583)","(0.6313201411746044, 0.36867985882539556)","(0.5372124492557511, 0.462787550744249)","(0.7548247394776019, 0.24517526052239816)"
52,CO_DENVER,4,59260.0,0.935874,"(0.5112930547713156, 0.09203839638622248, 0.31197063805759456, 0.08469791078486731)","(0.27846792884061045, 0.31730898865584256, 0.2174457348664317, 0.18677734763711537)","(0.39219502389371635, 0.23734729493891799, 0.23498076624361539, 0.13547691492375027)","(0.2570028557606779, 0.3531155880838314, 0.188386573243239, 0.20149498291225168)","(0.3108053960197676, 0.38146119941231466, 0.1394416989448377, 0.16829170562308002)","(1.0286382189396117, -0.006796440583433333, -0.010928811668666655, -0.01091296668751162)"
53,CO_GREELEY,2,18283.0,0.93338,"(0.6817359855334539, 0.3182640144665461)","(0.8944477627444362, 0.10555223725556392)","(0.7342801650886137, 0.26571983491138623)","(0.880507873762004, 0.119492126237996)","(0.9279765923925276, 0.07202340760747243)","(0.5473448017950636, 0.45265519820493644)"
54,CT_BRIDGEPORT,2,50289.0,0.895306,"(0.6954076850984068, 0.3045923149015933)","(0.6748285936083341, 0.32517140639166586)","(0.6176073453956251, 0.3823926546043748)","(0.6681130683831911, 0.33188693161680893)","(0.419691825541917, 0.580308174458083)","(0.5439020586400499, 0.4560979413599501)"
55,CT_HARTFORD,2,70355.0,0.879987,"(0.3020329138431752, 0.6979670861568248)","(0.3703297415389173, 0.6296702584610827)","(0.3175300625973711, 0.682469937402629)","(0.38180125533663534, 0.6181987446633647)","(0.3200791806523797, 0.6799208193476203)","(0.46378796245168413, 0.5362120375483158)"
56,CT_WATERBURY,2,25613.0,0.999891,"(0.4007398273736128, 0.5992601726263872)","(0.6413110698824984, 0.3586889301175015)","(0.531228959562755, 0.46877104043724505)","(0.5228356143318469, 0.47716438566815317)","(0.4216895240290423, 0.5783104759709577)","(0.3677061085006407, 0.6322938914993592)"
57,DC_WASHINGTON,6,120113.0,0.843467,"(0.1956651184947005, 0.053114207455043465, 0.08907943313088007, 0.04215791354055019, 0.045968798380373946, 0.5740145289984518)","(0.1760561997840627, 0.10583451351010278, 0.16963136419086614, 0.11180503947165472, 0.06909993409705961, 0.3675729489462541)","(0.18347953654082214, 0.07468638663513069, 0.1989401514924703, 0.09817670129636837, 0.04414837879105416, 0.40056884524415437)","(0.19494054624024404, 0.08240206369978441, 0.17750454258734477, 0.10302023216622574, 0.06891081465302164, 0.3732218006533794)","(0.17751823402553976, 0.09217572512055053, 0.24262763817877825, 0.04931062056264993, 0.10366134386585572, 0.33470643824662577)","(0.19649241813993584, 0.15809556111417306, 0.1001116434193977, 0.1039131725102811, 0.1368409151933975, 0.3045462896228148)"
58,FL_BOCA RATON,2,31478.0,0.876168,"(0.7415614532337027, 0.25843854676629735)","(0.7584202307188554, 0.24157976928114455)","(0.7306982807388641, 0.26930171926113583)","(0.7607306074730881, 0.23926939252691193)","(0.715919629057187, 0.28408037094281297)","(0.0, 1.0)"
59,FL_BRADENTON,3,48788.0,0.971098,"(0.4317373018440634, 0.431252021999353, 0.13701067615658363)","(0.43002522142061117, 0.418844213736876, 0.15113056484251275)","(0.4712774835226595, 0.38905257421189776, 0.13966994226544271)","(0.407014469415303, 0.43665190517915076, 0.1563336254055462)","(0.3099273607748184, 0.574818401937046, 0.1152542372881356)","(0.39422192491010954, 0.44121582072079607, 0.1645622543690944)"
60,FL_BROOKSVILLE,2,42975.0,0.926204,"(0.3163596966413868, 0.6836403033586133)","(0.3750227562352084, 0.6249772437647916)","(0.27490286615237347, 0.7250971338476265)","(0.36730246152286666, 0.6326975384771334)","(0.37995444191343963, 0.6200455580865604)","(0.17276099629040806, 0.8272390037095919)"
61,FL_CORAL GABLES,2,27944.0,0.998774,"(0.5125802533402741, 0.4874197466597258)","(0.36273316638191305, 0.6372668336180869)","(0.5037986483337218, 0.49620135166627827)","(0.2927264444613165, 0.7072735555386834)","(0.46516730663741085, 0.5348326933625891)","(1.0, 0.0)"
62,FL_DAYTONA BEACH,2,44755.0,0.990137,"(0.4489749430523918, 0.5510250569476082)","(0.6699670131947222, 0.3300329868052779)","(0.6060689655172414, 0.3939310344827586)","(0.6442784425199973, 0.35572155748000267)","(0.7164179104477612, 0.2835820895522388)","(0.5678851174934726, 0.4321148825065274)"
63,FL_FORT LAUDERDALE,3,57100.0,0.935395,"(0.48782424563260984, 0.33178930651138167, 0.18038644785600846)","(0.6083077660594439, 0.20958772770853307, 0.182104506232023)","(0.5610002525890376, 0.26958679405078523, 0.16941295336017712)","(0.6011458689635871, 0.21476103112658976, 0.18409309990982306)","(0.38036373969877807, 0.5533532253481103, 0.06628303495311168)","(0.4162688013784686, 0.38819686254801306, 0.19553433607351833)"
64,FL_FORT MYERS,2,81600.0,0.999995,"(0.38245228846478635, 0.6175477115352136)","(0.6272020602124445, 0.37279793978755543)","(0.596917412992265, 0.4030825870077351)","(0.6377502100528839, 0.3622497899471161)","(0.814489571899012, 0.18551042810098792)","(0.6589567521985303, 0.3410432478014697)"
65,FL_GAINESVILLE,2,85781.0,0.985048,"(0.5555310952118877, 0.4444689047881123)","(0.6944061984213181, 0.30559380157868177)","(0.7036605794728105, 0.29633942052718953)","(0.7054155084826992, 0.2945844915173009)","(0.8295839508786788, 0.1704160491213212)","(0.4947746768152712, 0.5052253231847288)"
66,FL_HIALEAH,3,54049.0,0.971666,"(0.33639933856965687, 0.33691608102521703, 0.3266845804051261)","(0.3443366014681972, 0.26485851767913154, 0.3908048808526712)","(0.23275614656079593, 0.322132402181192, 0.44511145125801205)","(0.35373324906813874, 0.25598132408135893, 0.3902854268505024)","(0.15945725362170984, 0.2585186696592532, 0.5820240767190369)","(0.2637090632140137, 0.2717060167555217, 0.4645849200304646)"
67,FL_JACKSONVILLE,6,203442.0,0.926824,"(0.2714052473706193, 0.18586019668147474, 0.2322967688043437, 0.06652238295933477, 0.17382389793826175, 0.07009150624596575)","(0.17159819822687697, 0.21162716666401388, 0.27365463892912284, 0.12786063316726887, 0.1226654145510688, 0.09259394846164865)","(0.2509799775221939, 0.13250549218171778, 0.3310659727525131, 0.09996749724901415, 0.13469061688654974, 0.05079044340801134)","(0.17350251322129945, 0.20178459727884765, 0.28830715445988614, 0.11830312440507243, 0.12015744410462319, 0.09794516653027115)","(0.31346370816096275, 0.13546446032342985, 0.30368559608875517, 0.10114704776231666, 0.10951485520872509, 0.03672433245581046)","(0.39156701844173586, 0.06844702690742575, 0.21354702786943597, 0.07644133180694379, 0.20331123916535992, 0.04668635580909869)"
68,FL_KISSIMMEE,2,37039.0,0.887449,"(0.6728070175438596, 0.32719298245614037)","(0.8283158940784474, 0.1716841059215526)","(0.8641940810364537, 0.1358059189635463)","(0.8469600888169655, 0.15303991118303445)","(0.8903772553307818, 0.10962274466921815)","(0.643341478313989, 0.356658521686011)"
69,FL_MELBOURNE,2,39442.0,0.751709,"(0.8649618663077613, 0.13503813369223866)","(0.8277424263383594, 0.1722575736616406)","(0.8646632946543688, 0.13533670534563125)","(0.8547278724573941, 0.14527212754260582)","(0.7615512465373961, 0.23844875346260389)","(0.7265553671579497, 0.27344463284205034)"
70,FL_MIAMI,8,356533.0,0.890416,"(0.16694432774630952, 0.3360761419113706, 0.13965145083950223, 0.07898129771545292, 0.07127439192223559, 0.11719712005099306, 0.025250257138304193, 0.0646250126758319)","(0.1453690498257932, 0.3585718825305193, 0.1774318021041004, 0.0931089010028713, 0.11034043148811573, 0.07262683427845094, 0.022067140549517483, 0.020483958220631687)","(0.15431787594458737, 0.39359035938309944, 0.14186049829510597, 0.08577019835740475, 0.09280853350580424, 0.08375143263409693, 0.021191095554910902, 0.02671000632499037)","(0.15589974921065566, 0.35440121276353914, 0.17256639127566015, 0.09677309837761879, 0.1099679538748356, 0.07171040104153598, 0.021530390679315857, 0.017150802776838815)","(0.10616100544266632, 0.34660152487495793, 0.166332060670063, 0.12511169651042695, 0.10674124705527381, 0.11720880574671293, 0.008761648350373095, 0.023082011349525942)","(0.0, 0.2980794760598283, 0.09104788034339321, 0.09551730241614302, 0.28537923710062835, 0.2194110098238782, 0.010565094256128862, 0.0)"
71,FL_NAPLES,2,67896.0,0.938972,"(0.6164107727158319, 0.3835892272841681)","(0.7369372151406497, 0.26306278485935025)","(0.7198912971432359, 0.2801087028567641)","(0.7511411254115534, 0.24885887458844658)","(0.6252254573563515, 0.37477454264364857)","(0.6484437885698954, 0.3515562114301046)"
72,FL_OCALA,2,63913.0,0.974996,"(0.39538690476190474, 0.6046130952380953)","(0.48141007233594507, 0.5185899276640549)","(0.38640910132091316, 0.6135908986790868)","(0.4625865027328614, 0.5374134972671386)","(0.23197589860793683, 0.7680241013920631)","(0.2532423783055415, 0.7467576216944585)"
73,FL_ORLANDO,2,281670.0,0.905431,"(0.38150851581508516, 0.6184914841849148)","(0.25046378005550324, 0.7495362199444966)","(0.20166197098669225, 0.7983380290133077)","(0.23622218277621032, 0.7637778172237897)","(0.3675664576455908, 0.6324335423544092)","(0.25848843502200053, 0.7415115649779995)"
74,FL_PANAMA CITY,2,28912.0,0.982139,"(0.3904851625058879, 0.6095148374941121)","(0.6149672006782989, 0.38503279932170115)","(0.3291787660282554, 0.6708212339717446)","(0.5651049763537286, 0.4348950236462714)","(0.3846416771106301, 0.61535832288937)","(0.015509910773100186, 0.9844900892268998)"
75,FL_PEMBROKE PINES,2,89342.0,0.90977,"(0.3415343021290977, 0.6584656978709024)","(0.3611378977820636, 0.6388621022179364)","(0.2786275580955583, 0.7213724419044417)","(0.39564152483828424, 0.6043584751617157)","(0.2863858253480383, 0.7136141746519616)","(0.3071698113207547, 0.6928301886792453)"
76,FL_PENSACOLA,3,71497.0,0.969629,"(0.461657137671295, 0.2822397676740176, 0.25610309465468734)","(0.41867637518655454, 0.31320257081984765, 0.26812105399359776)","(0.4148674715311028, 0.3042328819434245, 0.28089964652547267)","(0.42066185116747856, 0.30975418556470125, 0.26958396326782014)","(0.41864939395882766, 0.3207849676136728, 0.2605656384274995)","(0.2863513613953373, 0.19825087332457944, 0.5153977652800833)"
77,FL_PORT CHARLOTTE,2,29324.0,0.971376,"(0.43977433004231314, 0.5602256699576869)","(0.5340997101192715, 0.4659002898807284)","(0.5174181300427148, 0.48258186995728525)","(0.5207569883335988, 0.4792430116664011)","(0.5265567765567766, 0.4734432234432234)","(0.5542466550319953, 0.44575334496800467)"
78,FL_SAINT PETERSBURG,5,68094.0,0.90586,"(0.2053075129998207, 0.40989779451317915, 0.12139142908373678, 0.11063295678680295, 0.15277030661646046)","(0.3672504437431281, 0.2392197626114987, 0.1177786200245419, 0.11604117335815044, 0.15971000026268092)","(0.28099939061547835, 0.3770140158439976, 0.09211456429006704, 0.08993296770262035, 0.1599390615478367)","(0.3657419312398711, 0.23898002021301407, 0.12077574916725971, 0.11415568804980296, 0.1603466113300522)","(0.2547270781305744, 0.20989416101795694, 0.11559043881555477, 0.13289332857652514, 0.28689499345938874)","(0.195825810202895, 0.14291397619120483, 0.11647336046760719, 0.2533892340178107, 0.2913976191204823)"
79,FL_SARASOTA,2,65195.0,0.58159,"(0.8662242403073699, 0.13377575969263011)","(0.8421314382954246, 0.1578685617045754)","(0.8699564178265148, 0.13004358217348516)","(0.8362007664046143, 0.16379923359538576)","(0.7884821747943246, 0.21151782520567544)","(0.6369143780290791, 0.3630856219709208)"
80,FL_SEBRING,2,29347.0,0.840941,"(0.2130955860859398, 0.7869044139140602)","(0.29071730663145046, 0.7092826933685494)","(0.19163853544533888, 0.8083614645546612)","(0.27885906040268454, 0.7211409395973154)","(0.536172878170999, 0.46382712182900093)","(0.4372610358011818, 0.5627389641988182)"
81,FL_TALLAHASSEE,2,40673.0,0.99888,"(0.43407505812022584, 0.5659249418797742)","(0.7192724434973137, 0.2807275565026863)","(0.6581200755355864, 0.3418799244644136)","(0.7315517369634754, 0.2684482630365246)","(0.7102683178534571, 0.2897316821465428)","(0.25849583760976164, 0.7415041623902383)"
82,FL_TAMPA,5,174960.0,0.810863,"(0.05108623470258989, 0.5187363627739303, 0.22417227966986056, 0.17692818518167155, 0.029076937671947634)","(0.02795040908626239, 0.44594632703635423, 0.2958164276070657, 0.18312823206347975, 0.04715860420683796)","(0.03896157289820381, 0.3738602517952747, 0.35358689495130374, 0.19307197544173807, 0.04051930491347964)","(0.028613686457991633, 0.4778923015831909, 0.2748082157881712, 0.17037861915367483, 0.04830717701697139)","(0.018514844938173642, 0.3054949414798651, 0.5570543763362649, 0.08931208534461857, 0.029623751901077827)","(0.07217790062189836, 0.26915949494314967, 0.38347257993592565, 0.20139455995979647, 0.07379546453922985)"
83,FL_WEST PALM BEACH,2,28849.0,0.999988,"(0.482274102896671, 0.5177258971033291)","(0.390321665089877, 0.609678334910123)","(0.37083837945296255, 0.6291616205470375)","(0.4008826317343403, 0.5991173682656598)","(0.45164398410213175, 0.5483560158978682)","(0.43147766323024056, 0.5685223367697595)"
84,GA_ATHENS,2,43945.0,0.900014,"(0.4958382877526754, 0.5041617122473246)","(0.4748047174146117, 0.5251952825853883)","(0.517246089747968, 0.48275391025203196)","(0.5218516984258492, 0.4781483015741508)","(0.4765840220385675, 0.5234159779614325)","(0.4639933780925228, 0.5360066219074773)"
85,GA_ATLANTA,6,230717.0,0.979663,"(0.10530632330025425, 0.08250635610596244, 0.4418108750922661, 0.10366603789059296, 0.15008611498400723, 0.11662429262691708)","(0.2907207489157985, 0.20190049077096092, 0.0215980492972036, 0.15731840270732234, 0.19474699673621834, 0.13371531157249616)","(0.34447940185808934, 0.2191138912536551, 0.011659325609801235, 0.1475441388755228, 0.1739719435910723, 0.1032312988118592)","(0.32376580604426547, 0.19955859683850674, 0.010028270279801823, 0.1502875377553284, 0.18967253118547464, 0.1266872578966229)","(0.23022362074746588, 0.15810786412524824, 0.20298676846096309, 0.1102370328338191, 0.20582394057414047, 0.09262077325836321)","(0.09705446894724538, 0.1553546845372607, 0.4425050001298735, 0.08665160134029455, 0.104963765292605, 0.11347047975272084)"
86,GA_AUGUSTA,3,100745.0,0.936231,"(0.5212244590213375, 0.32421020885169266, 0.15456533212696977)","(0.42577188720490244, 0.34900292410705236, 0.22522518868804522)","(0.433770450175935, 0.3258424928356368, 0.2403870569884282)","(0.44001145899566096, 0.3027061396460288, 0.2572824013583102)","(0.3267632850241546, 0.4241545893719807, 0.24908212560386472)","(0.44461486742026307, 0.09133504223221414, 0.4640500903475228)"
87,GA_COLUMBUS,3,54399.0,0.840883,"(0.3203750285844958, 0.5892979647839012, 0.09032700663160302)","(0.4202438870284955, 0.5242433815631515, 0.05551273140835281)","(0.3864686692945494, 0.5486611390512437, 0.06487019165420688)","(0.41599117463667323, 0.5268118374982014, 0.05719698786512543)","(0.42003014570423713, 0.5799698542957629, 0.0)","(0.4007142185884785, 0.5992857814115214, 0.0)"
88,GA_MACON,2,47537.0,0.97147,"(0.25028312570781425, 0.7497168742921857)","(0.40679550393755987, 0.5932044960624401)","(0.3959147771696638, 0.6040852228303362)","(0.3677970567202379, 0.6322029432797621)","(0.39753345578588295, 0.602466544214117)","(0.15714592340477723, 0.8428540765952227)"
89,GA_ROME,2,46074.0,0.990642,"(0.5449189985272459, 0.45508100147275404)","(0.5855923978060176, 0.4144076021939823)","(0.5825954135446983, 0.41740458645530165)","(0.5646407667415253, 0.43535923325847464)","(0.5795443892378364, 0.4204556107621637)","(0.5907921726956012, 0.4092078273043988)"
90,GA_SAVANNAH,3,58934.0,0.946684,"(0.20469454694546946, 0.4487494874948749, 0.3465559655596556)","(0.151518216064521, 0.6888162718377873, 0.1596655120976917)","(0.13514851485148516, 0.7124969814054576, 0.15235450374305723)","(0.11628319137623669, 0.7527340207045381, 0.13098278791922519)","(0.0836631969896887, 0.7553144700190588, 0.16102233299125251)","(0.268172822112643, 0.5298379792693972, 0.2019891986179598)"
91,HI_HONOLULU,3,63129.0,0.853637,"(0.6166632673873139, 0.19396287986946767, 0.18937385274321844)","(0.8326544371716718, 0.02830294687754586, 0.13904261595078238)","(0.8222121393966892, 0.00702545262942201, 0.17076240797388872)","(0.842272937905468, 0.01077386468952734, 0.14695319740500462)","(0.8491449144914491, 0.00837083708370837, 0.14248424842484247)","(0.8207175925925926, 0.005150462962962963, 0.17413194444444444)"
92,IA_CEDAR RAPIDS,2,27989.0,0.976096,"(0.48535564853556484, 0.5146443514644351)","(0.472751165641071, 0.527248834358929)","(0.43206653128324146, 0.5679334687167585)","(0.44108410897671657, 0.5589158910232834)","(0.5963824289405685, 0.4036175710594315)","(0.4811483601344599, 0.5188516398655401)"
93,IA_DES MOINES,2,59609.0,0.999292,"(0.46256895193065406, 0.5374310480693459)","(0.5600346507192304, 0.4399653492807696)","(0.48436715848639966, 0.5156328415136003)","(0.46680149346608585, 0.5331985065339141)","(0.47431583669807087, 0.5256841633019291)","(0.5194715282986211, 0.48052847170137886)"
94,IA_DUBUQUE,2,15382.0,0.987573,"(0.5994029850746269, 0.40059701492537314)","(0.628261304339921, 0.3717386956600789)","(0.6234704830053667, 0.3765295169946333)","(0.624355502800549, 0.37564449719945103)","(0.7489147818140278, 0.2510852181859721)","(0.5082838386995936, 0.49171616130040635)"
95,IA_SIOUX CITY,2,21873.0,0.999876,"(0.38108213312572986, 0.6189178668742702)","(0.47833493179117936, 0.5216650682088206)","(0.44085552160628544, 0.5591444783937145)","(0.4525316455696203, 0.5474683544303798)","(0.43049568965517243, 0.5695043103448276)","(0.5494096276112624, 0.4505903723887375)"
96,IA_WATERLOO,2,18057.0,0.968442,"(0.40836770771950504, 0.591632292280495)","(0.5507163687080006, 0.4492836312919995)","(0.42449797325630156, 0.5755020267436984)","(0.5216486802756468, 0.47835131972435313)","(0.6178690538880113, 0.3821309461119888)","(0.42983391741581595, 0.5701660825841841)"
97,ID_BOISE,2,65738.0,0.999581,"(0.4809334092202618, 0.5190665907797382)","(0.7743550663582649, 0.22564493364173516)","(0.5614875620337714, 0.4385124379662287)","(0.7514998914695029, 0.24850010853049706)","(0.7417024778275578, 0.2582975221724422)","(0.5834343673300411, 0.4165656326699589)"
98,ID_NAMPA,2,18508.0,0.99256,"(0.37024018746338605, 0.629759812536614)","(0.29801135008822544, 0.7019886499117745)","(0.5826593090936578, 0.4173406909063421)","(0.3405580170039516, 0.6594419829960484)","(0.4545081967213115, 0.5454918032786885)","(0.576691301876066, 0.42330869812393407)"
